DUMMY3/HololiveTest1_425232_537360.wav|2	66	122	123	25	10	98	10	29	11	8	38	36	39	3
DUMMY3/HololiveTest1_1640831_1784976.wav|2	7	17	44	17	104	133	3
DUMMY3/HololiveTest1_3096720_3131904.wav|2	15	9	25	21	92	6	53	3
DUMMY3/HololiveTest1_2584176_2603424.wav|2	14	9	24	116	3
DUMMY3/HololiveTest1_1784976_1879488.wav|2	28	19	46	9	24	51	30	6	8	22	13	27	6	32	58	18	37	3
DUMMY3/HololiveTest1_1411824_1463088.wav|2	7	17	43	3
DUMMY3/HololiveTest1_2646672_2822832.wav|2	14	118	9	6	100	59	7	112	20	48	97	10	45	11	83	3
DUMMY3/HololiveTest1_3056640_3096720.wav|2	61	77	26	101	132	3
DUMMY3/HololiveTest1_537360_636624.wav|2	120	20	89	34	57	18	85	16	71	16	7	15	113	20	6	68	3
DUMMY3/HololiveTest1_3131904_3269663.wav|2	15	9	25	21	86	10	45	11	80	12	18	56	6	31	49	10	29	11	8	38	36	63	35	13	54	3
DUMMY3/HololiveTest1_253872_335568.wav|2	8	16	78	50	17	12	81	13	21	6	41	11	23	3
DUMMY3/HololiveTest1_2936544_3056640.wav|2	107	79	115	7	40	69	9	82	12	6	60	7	15	22	6	8	10	7	15	12	109	3
DUMMY3/HololiveTest1_1261248_1411824.wav|2	28	19	46	9	96	129	105	10	106	49	37	3
DUMMY3/HololiveTest1_1463088_1552704.wav|2	14	52	94	21	64	12	6	60	7	15	22	6	8	10	7	39	3
DUMMY3/HololiveTest1_1078704_1139568.wav|2	14	9	47	9	47	9	102	3
DUMMY3/HololiveTest1_7200_180192.wav|2	127	57	15	11	7	48	95	126	13	11	7	27	6	12	65	19	88	10	29	11	8	38	36	134	25	35	13	54	3
DUMMY3/HololiveTest1_2263872_2584176.wav|2	12	8	87	26	99	16	76	3
DUMMY3/HololiveTest1_180192_253872.wav|2	14	52	73	84	19	23	3
DUMMY3/HololiveTest1_1879488_2121312.wav|2	28	19	23	3
DUMMY3/HololiveTest1_1139568_1187616.wav|2	121	56	8	3
